Data File: yeast
Query file: yeast_400n
LIMIT: 100000
0 1.12071 3.06992 1138 184320 0
1 0.374103 1.90995 554 1.05062e+06 0
2 0.24348 2.66717 372 2.12337e+07 0
3 0.207696 1.92816 367 1.17965e+06 0
4 0.258337 2.39394 409 393216 0
5 5399.87 5401.76 6380236 129600 0
6 0.494018 2.20308 720 124416 0
7 0.230185 3.05399 381 1.24416e+06 0
8 0.388385 2.22925 660 302400 0
9 0.208672 2.35533 382 165888 0
10 4.58771 6.68379 6374 1.4256e+06 0
11 0.417625 2.26376 576 207360 0
12 8.76235 10.2644 9830 1.6128e+06 0
13 0.29256 2.2564 403 5.97197e+06 0
14 0.344056 2.35827 547 111132 0
15 118.676 120.57 155944 248064 0
16 0.399212 2.01593 646 7.7616e+08 0
17 0.569912 2.30034 712 414720 0
18 120008 120010 58423363 0 1
19 0.816029 2.93536 1071 202176 0
20 1.01638 2.64145 1478 134400 0
21 120009 120011 78261890 0 1
22 1208.24 1210.61 147049 3.64954e+07 0
23 0.279316 2.22015 417 258048 0
24 0.637708 2.20666 871 1.11974e+07 0
25 0.775314 2.14404 1197 2.65421e+06 0
26 2.31694 3.94491 3358 2.45146e+06 0
27 120008 120010 70618894 0 1
28 0.320773 2.31757 461 5.8752e+06 0
29 0.265082 2.14501 440 145800 0
30 0.251212 2.20394 441 761856 0
31 120008 120011 66117440 0 1
32 0.374143 2.66678 530 1.48176e+07 0
33 0.222921 2.03492 390 138240 0
34 0.208822 2.36401 380 296352 0
35 14.4346 16.0128 19712 1.79159e+07 0
36 0.801515 2.71252 1184 4.3776e+06 0
37 12.8749 14.3828 19499 184320 0
38 4.16369 5.72031 1956 451584 0
39 0.202263 2.43272 374 186048 0
40 0.249674 2.23884 394 103680 0
41 0.317363 1.79323 510 172800 0
42 0.392643 2.24434 351 397440 0
43 10300 10301.6 8552109 7.07888e+11 0
44 0.273001 2.1585 450 2.9376e+07 0
45 1.93068 3.67664 2983 1.86624e+06 0
46 8122.19 8124.33 8699697 5.168e+06 0
47 0.245551 2.49785 383 105120 0
48 1.05209 2.59153 1550 1.8432e+06 0
49 0.197278 2.54782 378 282240 0
50 120008 120010 25607160 0 1
51 0.568198 2.33972 804 331776 0
52 0.279869 1.99149 461 259200 0
53 0.218271 2.53236 373 839808 0
54 0.245726 2.22187 427 118080 0
55 20.9413 22.5505 7616 140800 0
56 0.263748 1.87375 463 5.8212e+06 0
57 0.200692 1.90462 376 192000 0
58 0.216419 2.60589 375 1.42249e+09 0
59 0.245881 2.48948 431 1.29548e+08 0
60 0.209231 1.96258 390 1.47744e+08 0
61 4.70352 6.24634 6461 497664 0
62 0.379764 2.03034 596 367200 0
63 120009 120011 32434749 0 1
64 0.737861 2.21498 1056 933120 0
65 120007 120010 114266583 0 1
66 0.31041 2.58278 446 2.16e+07 0
67 1.02631 2.98598 1378 2.1289e+06 0
68 1.81271 4.15962 2703 1.52064e+06 0
69 0.647828 2.79988 851 2.09715e+07 0
70 0.286529 2.01048 540 133056 0
71 4016.48 4018 5583038 1.0368e+06 0
72 0.191336 2.59215 378 202752 0
73 120008 120011 127860685 0 1
74 0.221302 2.47866 369 3.6288e+06 0
75 3.54649 6.86738 2761 8.77363e+07 0
76 0.332117 3.8522 366 860160 0
77 0.303222 3.41254 399 7.41636e+07 0
78 120008 120010 24403313 0 1
79 0.228184 2.28617 388 466560 0
80 0.331347 2.16954 487 322560 0
81 0.30381 2.25938 561 8.08315e+07 0
82 370.696 372.351 485576 116640 0
83 120008 120010 57701088 0 1
84 1.00193 2.81833 1154 933120 0
85 0.241792 2.394 406 1.57248e+06 0
86 0.335215 2.81657 566 806400 0
87 73678.8 73680.5 59859732 133920 0
