Data File: yeast
Query file: yeast_400n
LIMIT: 100000
0 1.1376 3.01711 1138 184320 0
1 0.33329 1.77552 554 1.05062e+06 0
2 0.221915 2.44305 372 2.12337e+07 0
3 0.193016 1.81968 367 1.17965e+06 0
4 0.232441 2.27212 409 393216 0
5 4752.94 4754.68 6380236 129600 0
6 0.472138 2.00675 720 124416 0
7 0.218031 2.41332 381 1.24416e+06 0
8 0.369723 2.05619 660 302400 0
9 0.198008 2.2372 382 165888 0
10 4.22679 5.7794 6374 1.4256e+06 0
11 0.316248 1.71766 576 207360 0
12 7.57737 8.9815 9830 1.6128e+06 0
13 0.203602 1.9538 403 5.97197e+06 0
14 0.297982 1.85482 547 111132 0
15 103.405 105.202 155944 248064 0
16 0.362433 1.84577 646 7.7616e+08 0
17 0.399795 1.92729 712 414720 0
18 120009 120011 64185986 0 1
19 0.806629 2.73979 1071 202176 0
20 1.01149 2.59833 1478 134400 0
21 120008 120010 76160581 0 1
22 1245.7 1248.31 147049 3.64954e+07 0
23 0.28441 2.23301 417 258048 0
24 0.726324 2.35293 871 1.11974e+07 0
25 0.833992 2.34158 1197 2.65421e+06 0
26 2.41255 4.05299 3358 2.45146e+06 0
27 120008 120010 68136051 0 1
28 0.414305 2.84901 461 5.8752e+06 0
29 0.370621 2.7761 440 145800 0
30 0.473028 4.29504 441 761856 0
31 120006 120010 66201055 0 1
32 0.387092 2.64093 530 1.48176e+07 0
33 0.22509 2.01501 390 138240 0
34 0.215753 2.33487 380 296352 0
35 13.4638 15.0314 19712 1.79159e+07 0
36 0.817733 2.57056 1184 4.3776e+06 0
37 13.1171 14.5995 19499 184320 0
38 3.86694 5.3814 1956 451584 0
39 0.207252 2.41727 374 186048 0
40 0.258806 2.2188 394 103680 0
41 0.285797 1.75386 510 172800 0
42 0.188863 1.94591 351 397440 0
43 10282.2 10283.8 8552109 7.07888e+11 0
44 0.282115 2.16939 450 2.9376e+07 0
45 1.98171 3.43351 2983 1.86624e+06 0
46 8432 8434.08 8699697 5.168e+06 0
47 0.274512 2.65685 383 105120 0
48 1.15141 2.81034 1550 1.8432e+06 0
49 0.227442 2.22502 378 282240 0
50 120007 120009 24541109 0 1
51 0.545969 2.23322 804 331776 0
52 0.266723 1.82694 461 259200 0
53 0.201725 2.44375 373 839808 0
54 0.235831 2.15262 427 118080 0
55 20.4431 21.9935 7616 140800 0
56 0.264962 1.83152 463 5.8212e+06 0
57 0.195564 1.84472 376 192000 0
58 0.206449 2.54356 375 1.42249e+09 0
59 0.238279 2.43306 431 1.29548e+08 0
60 0.203806 1.87125 390 1.47744e+08 0
61 4.68586 6.19011 6461 497664 0
62 0.377483 1.94779 596 367200 0
63 120008 120010 32437748 0 1
64 0.676489 2.09031 1056 933120 0
65 120008 120010 115178300 0 1
66 0.295426 2.55362 446 2.16e+07 0
67 0.869612 2.63909 1378 2.1289e+06 0
68 1.80825 3.33478 2703 1.52064e+06 0
69 0.521298 2.32348 851 2.09715e+07 0
70 0.301872 1.95131 540 133056 0
71 3932.45 3933.95 5583038 1.0368e+06 0
72 0.211213 2.1539 378 202752 0
73 120007 120010 131703297 0 1
74 0.237402 2.55517 369 3.6288e+06 0
75 1.90693 3.50703 2761 8.77363e+07 0
76 0.196779 2.31501 366 860160 0
77 0.216427 2.41239 399 7.41636e+07 0
78 120008 120010 24159669 0 1
79 0.237176 2.03389 388 466560 0
80 0.274105 2.07882 487 322560 0
81 0.327059 2.18908 561 8.08315e+07 0
82 385.5 387.221 485576 116640 0
83 120008 120010 59118918 0 1
84 0.970432 2.64312 1154 933120 0
85 0.235067 2.30984 406 1.57248e+06 0
86 0.325958 2.32805 566 806400 0
87 73144.6 73146.3 59859732 133920 0
88 120007 120009 58206220 0 1
89 0.807727 2.61897 827 780300 0
90 1.9314 3.84683 2459 138240 0
91 0.417281 2.84917 546 1.99584e+06 0
92 120008 120010 45219284 0 1
93 0.272419 2.00297 436 217056 0
94 0.211576 2.39036 377 153600 0
95 0.336649 2.13644 501 226800 0
96 0.559596 2.2674 860 4.26747e+07 0
97 6.80162 8.25896 9243 224000 0
98 0.194466 2.29994 376 107520 0
99 0.207386 2.34392 395 221760 0
Average Search Time Per Query: 1163.5123 ms
Average Elapsed Time Per Query: 1165.3614 ms
Average #Recursive Calls: 1022702.4091
Total Number of Found Matches: 710,893,366,048
#Solved Queries: 88
